img117.bmp 81 83 85 72 89 80 58 93 89 83 69 79 84 87 89 82 84 82 79 75 94 98 86 81 87 
img118.bmp 86 98 89 82 65 77 78 93 83 80 58 78 92 68 84 80 88 81 82 72 84 93 90 76 86 
img119.bmp 80 95 92 59 67 79 78 82 86 83 59 82 87 90 82 67 80 62 91 69 83 83 90 78 84 
img120.bmp 63 41 47 43 46 53 37 59 50 60 20 42 57 71 69 30 62 55 36 38 78 49 59 60 36 
img121.bmp 2 2 4 18 6 21 2 3 7 7 1 3 3 16 16 5 16 2 2 10 14 1 2 18 0 
img122.bmp 47 35 23 41 31 60 10 44 44 43 24 43 37 52 44 29 48 21 15 50 41 39 38 46 36 
img123.bmp 76 78 84 61 68 77 75 85 93 83 86 85 89 85 88 80 85 81 78 87 92 86 76 81 83 
img124.bmp 49 29 29 34 33 61 32 39 42 59 38 54 28 60 57 38 48 27 20 30 54 47 31 42 32 
img125.bmp 68 52 72 62 50 66 51 72 77 66 73 69 68 78 77 58 67 71 20 54 67 67 51 70 46 
img126.bmp 72 82 79 79 61 70 79 66 93 76 89 79 90 82 83 80 71 61 70 72 70 90 88 77 78 
img127.bmp 45 18 30 40 24 61 3 20 39 36 29 20 24 29 38 23 38 7 9 34 49 44 20 60 0 
img128.bmp 83 97 86 79 74 88 88 81 98 84 68 77 89 80 83 90 84 80 95 73 84 99 51 81 87 
img129.bmp 71 68 77 90 66 59 71 62 96 83 70 67 71 82 71 67 80 67 56 70 82 81 77 67 80 
img130.bmp 60 38 39 42 33 60 8 43 65 51 38 47 71 63 53 51 59 37 26 32 59 37 50 48 30 
img131.bmp 67 97 78 65 69 81 77 81 91 67 76 75 89 80 83 71 85 68 90 70 91 95 83 81 75 
img132.bmp 77 43 72 57 71 61 58 49 85 70 70 67 72 70 66 69 52 59 51 51 82 61 59 69 42 
img133.bmp 63 24 43 56 53 61 25 43 80 58 55 50 51 74 57 35 61 58 36 32 62 64 36 46 43 
img134.bmp 80 76 88 83 76 84 67 68 96 86 75 70 91 79 83 61 70 70 89 88 83 82 86 77 0 
img135.bmp 20 2 14 17 11 21 4 4 32 7 1 21 7 19 40 14 34 3 6 11 36 1 5 29 1 
img136.bmp 61 44 37 32 54 60 23 61 71 82 37 64 68 62 73 53 62 62 38 52 60 71 49 61 0 
img137.bmp 49 10 30 39 30 61 4 32 62 41 30 50 34 57 44 30 44 12 22 26 42 32 11 43 7 
img138.bmp 40 21 27 40 30 42 19 33 64 53 24 38 26 39 45 19 36 14 13 29 62 13 5 55 26 
img139.bmp 80 95 92 84 63 80 77 95 90 82 96 78 84 88 82 80 90 77 94 69 83 93 82 81 73 
img140.bmp 81 80 90 72 77 78 58 84 92 16 78 80 87 80 91 61 90 78 63 91 95 88 85 79 66 
img141.bmp 82 80 75 63 69 72 58 94 89 66 66 73 65 73 82 88 89 82 87 71 82 82 87 76 70 
img142.bmp 49 38 56 58 44 62 33 43 47 21 26 37 51 57 47 44 53 43 14 33 50 37 42 52 0 
img143.bmp 55 38 55 59 29 61 25 46 58 60 44 40 50 54 57 33 55 21 24 30 48 51 51 60 31 
img144.bmp 41 20 37 42 22 51 5 34 41 27 22 21 27 39 44 31 34 5 8 11 40 1 4 53 3 
img145.bmp 84 96 87 83 87 63 78 96 50 87 82 83 91 94 88 80 96 81 93 90 86 94 75 78 85 
img146.bmp 42 30 32 38 33 59 18 29 51 47 30 42 34 56 42 24 49 31 15 31 59 41 37 47 14 
img147.bmp 80 77 88 78 52 69 79 81 99 70 70 68 71 86 83 80 86 81 79 53 79 86 82 79 85 
img148.bmp 63 86 80 76 79 87 71 66 88 82 78 74 79 82 84 79 92 77 84 89 81 92 71 62 89 
img149.bmp 61 40 67 59 53 73 35 41 76 61 89 57 63 69 70 50 66 21 38 35 64 57 40 63 23 
img150.bmp 80 80 84 76 80 81 74 80 90 80 77 73 90 87 93 78 85 61 72 74 83 84 85 75 75 
img151.bmp 80 97 82 81 47 88 76 90 93 70 86 77 91 79 86 71 86 76 81 88 91 86 82 72 85 
img152.bmp 52 23 22 41 32 41 5 20 52 33 16 40 31 39 41 21 37 18 14 29 39 22 30 45 0 
img153.bmp 87 92 71 92 73 78 98 77 93 71 78 71 91 76 87 78 89 74 72 91 93 92 85 79 88 
img154.bmp 37 16 24 31 26 32 4 32 42 27 4 29 32 62 34 11 35 5 8 12 44 1 14 23 4 
img155.bmp 29 2 19 40 18 21 4 11 32 27 1 20 26 17 2 22 39 5 2 10 33 1 2 27 2 
img156.bmp 41 17 27 25 25 31 25 10 52 13 6 22 26 21 37 20 29 33 2 26 60 34 20 40 17 
img157.bmp 80 77 82 82 70 80 83 84 95 84 75 63 75 78 88 63 74 70 81 88 73 90 87 76 83 
img158.bmp 49 20 31 41 40 47 30 41 49 47 48 38 33 49 40 32 43 20 6 50 51 41 22 43 25 
img159.bmp 76 75 81 73 62 78 73 81 87 69 68 79 82 79 86 77 87 75 95 91 90 91 72 66 84 
img160.bmp 42 22 20 36 30 46 24 21 60 42 33 43 28 32 33 33 43 34 14 32 50 5 15 40 3 
img161.bmp 78 94 76 76 78 79 78 83 96 77 79 78 91 82 88 51 77 83 94 72 82 95 83 77 83 
img162.bmp 65 69 89 70 92 80 77 68 92 81 69 80 77 73 88 74 75 64 86 69 80 79 83 79 58 
img163.bmp 51 25 38 37 42 43 39 38 69 60 27 49 39 52 53 44 44 21 16 32 46 21 20 43 29 
img164.bmp 72 43 57 49 52 62 76 43 59 64 77 63 64 72 63 49 66 62 60 73 79 71 43 66 55 
img165.bmp 54 39 50 45 54 65 22 42 64 64 46 58 65 68 62 47 62 59 19 29 49 69 59 61 48 
img166.bmp 83 88 91 75 64 90 59 74 89 76 52 75 90 87 90 78 73 78 91 68 80 96 68 62 82 
img167.bmp 61 19 40 44 33 28 8 38 61 50 27 42 36 34 44 35 56 46 27 30 42 32 20 46 39 
img168.bmp 45 30 26 51 31 60 18 42 51 62 22 42 39 59 54 32 52 14 37 49 65 39 32 57 32 
img169.bmp 39 16 27 38 34 45 25 22 51 50 22 38 32 47 37 30 40 15 22 45 60 25 4 39 5 
img170.bmp 64 18 37 33 34 41 5 24 36 45 21 37 30 57 59 41 52 25 15 29 47 41 6 48 52 
img171.bmp 63 63 69 59 71 76 67 33 75 84 42 64 57 68 73 40 82 58 56 49 84 59 46 62 38 
img172.bmp 5 1 6 14 24 39 2 4 7 13 1 24 9 23 17 5 24 5 3 14 15 1 6 19 2 
img173.bmp 60 78 67 74 72 81 78 64 72 82 80 72 74 65 72 80 69 67 75 86 84 85 69 67 47 
img174.bmp 80 70 90 85 76 76 63 86 84 68 79 65 87 85 93 81 76 79 76 73 83 91 69 76 76 
img175.bmp 15 2 6 19 12 9 6 1 28 28 2 40 24 24 14 5 15 2 1 9 33 1 3 29 2 
img176.bmp 80 51 55 59 60 68 26 52 77 61 63 73 62 78 68 54 71 67 21 50 79 70 43 58 76 
img177.bmp 25 3 26 22 3 27 1 9 39 22 12 18 14 32 35 19 38 4 2 29 58 7 2 37 5 
img178.bmp 44 24 37 33 34 31 12 41 42 25 36 54 31 55 59 32 57 47 13 31 59 41 20 49 11 
img179.bmp 13 6 11 6 15 18 3 29 18 9 1 5 4 19 18 9 26 3 7 8 40 1 3 29 58 
img180.bmp 79 84 82 80 73 93 61 71 94 70 73 81 94 91 83 61 67 83 76 70 90 93 79 74 88 
img181.bmp 3 3 11 17 8 36 2 8 16 25 11 5 5 20 37 11 19 3 2 10 18 1 16 36 8 
img182.bmp 41 39 46 54 43 57 22 61 77 64 70 51 51 70 47 41 67 46 37 48 85 34 51 47 37 
img183.bmp 81 81 88 78 59 71 56 80 97 82 78 57 87 75 86 62 84 78 72 50 79 84 91 73 83 
img184.bmp 80 78 52 84 75 82 64 79 77 82 47 68 74 80 83 68 66 67 73 71 74 89 86 77 0 
img185.bmp 73 60 65 62 52 74 58 76 80 54 65 65 77 77 77 64 76 66 77 66 66 69 70 74 0 
img186.bmp 84 68 89 84 81 83 48 80 94 75 97 77 85 85 81 76 71 82 87 73 90 82 82 78 0 
img187.bmp 50 64 57 65 49 59 18 52 70 62 48 61 50 74 63 61 64 61 56 57 74 70 42 60 33 
img188.bmp 78 64 72 80 92 64 77 83 84 65 78 76 78 84 91 81 82 82 84 70 93 95 89 73 78 
img189.bmp 78 84 87 79 73 80 76 79 88 87 90 72 85 80 84 70 90 79 94 73 80 92 85 78 87 
img190.bmp 65 82 76 68 71 84 46 82 96 71 68 79 91 82 90 61 85 63 87 67 72 80 87 78 91 
img191.bmp 22 3 10 34 11 41 4 15 31 11 7 29 20 38 17 29 25 2 3 29 33 1 9 40 3 
img192.bmp 45 25 47 55 32 43 37 42 66 68 50 60 70 66 62 45 62 63 31 48 61 50 41 61 74 
img193.bmp 24 22 17 29 33 62 3 39 56 48 19 38 31 37 39 9 26 41 20 51 41 9 22 52 11 
img194.bmp 40 12 11 38 28 45 3 16 51 29 4 30 22 37 32 20 39 27 4 29 39 1 12 40 11 
img195.bmp 84 71 86 88 88 77 78 82 91 85 97 81 92 79 91 79 76 62 80 73 85 79 82 75 80 
img196.bmp 51 22 39 37 36 40 23 22 50 16 34 24 44 60 59 27 54 22 16 13 41 31 42 40 23 
img197.bmp 62 29 37 55 40 56 37 44 76 71 44 60 59 57 67 33 60 37 17 31 78 65 44 63 30 
img198.bmp 82 96 93 81 66 88 60 83 89 77 88 79 86 81 82 80 79 89 81 75 84 87 83 70 85 
img199.bmp 80 75 88 65 79 87 66 67 89 36 84 78 93 83 87 75 83 82 88 70 96 97 82 79 51 
img200.bmp 35 76 15 22 25 41 5 11 38 24 11 26 33 38 47 21 36 41 3 30 36 19 19 42 5 
img201.bmp 2 2 1 2 12 9 3 2 12 7 1 3 5 13 16 11 11 3 1 10 6 1 2 20 1 
img202.bmp 26 17 24 25 21 23 2 28 27 22 3 26 29 24 35 20 35 4 4 10 38 8 5 36 2 
img203.bmp 64 40 64 62 48 50 18 41 48 68 63 62 64 72 59 42 48 61 36 51 64 70 47 59 39 
img204.bmp 70 86 79 83 52 68 43 92 66 71 98 77 95 83 86 80 94 75 42 87 82 83 71 78 82 
img205.bmp 78 61 66 78 42 63 78 62 80 71 42 75 74 80 78 64 71 59 41 92 77 70 48 69 41 
img206.bmp 77 79 76 73 69 71 64 80 87 66 63 77 87 85 84 70 75 80 85 69 82 91 64 70 81 
img207.bmp 74 88 85 83 80 81 72 65 75 85 67 82 84 90 83 79 86 82 94 90 81 97 78 80 96 
img208.bmp 51 25 37 40 48 60 16 42 55 51 36 45 47 39 52 27 59 31 36 28 53 27 17 58 26 
img209.bmp 77 81 75 58 62 71 58 90 94 85 74 64 95 80 76 88 87 64 84 87 78 88 64 77 0 
img210.bmp 81 59 43 65 68 63 40 54 75 84 72 64 63 72 76 64 64 64 41 50 67 68 89 77 29 
img211.bmp 80 81 84 84 95 85 79 73 95 68 98 74 90 83 83 81 89 68 90 68 80 89 79 74 90 
img212.bmp 69 79 88 63 79 59 62 82 91 71 85 81 90 81 83 70 92 79 93 92 86 91 70 79 79 
img213.bmp 20 4 30 19 27 46 3 20 21 13 1 21 21 20 33 19 35 5 3 32 22 4 31 40 2 
img214.bmp 73 82 82 79 62 80 78 90 81 65 74 68 84 80 89 64 74 68 88 50 80 91 72 77 83 
img215.bmp 28 4 23 39 32 40 6 23 52 29 15 29 22 38 36 30 46 16 4 12 23 1 5 41 9 
img216.bmp 80 82 67 63 75 62 69 73 88 86 82 64 72 83 91 80 80 69 73 50 80 80 90 71 71 
img217.bmp 80 77 89 99 61 68 79 61 90 70 48 64 83 85 82 59 71 67 85 72 88 97 71 80 71 
img218.bmp 39 12 30 34 25 21 1 20 8 40 8 39 21 33 39 23 29 24 19 32 44 3 3 30 9 
img219.bmp 44 14 32 21 11 42 2 33 37 30 27 23 35 21 39 24 36 5 14 11 37 4 9 41 6 
img220.bmp 50 14 36 28 27 34 8 30 57 29 28 22 38 34 36 22 34 13 7 30 40 27 10 35 7 
img221.bmp 52 20 31 28 35 45 6 11 48 32 6 37 20 42 43 19 40 27 6 10 23 34 11 40 3 
img222.bmp 67 64 46 80 64 62 42 61 92 46 81 69 71 47 72 73 61 61 31 52 69 61 45 69 41 
img223.bmp 79 100 85 84 57 79 76 76 95 82 49 65 89 78 90 80 77 64 79 69 96 84 93 78 78 
img224.bmp 79 84 82 81 95 84 23 83 92 83 69 73 88 81 92 80 85 82 83 69 96 91 83 78 88 
img225.bmp 19 1 16 20 9 40 1 14 26 8 13 18 10 25 33 14 26 11 3 13 25 1 9 33 2 
img226.bmp 53 25 30 39 32 42 6 42 59 41 33 49 31 48 55 37 46 38 20 31 50 29 40 44 33 
img227.bmp 31 8 17 34 38 45 15 20 42 28 18 21 33 35 55 24 35 5 18 15 43 11 6 44 4 
