img1.bmp 82 81 79 98 89 92 83 67 73 85 75 80 83 84 74 76 78 82 68 73 97 66 84 74 78 77 70 91 76 
img2.bmp 80 69 71 85 78 81 62 64 52 59 74 76 65 80 61 70 63 63 64 64 73 78 66 55 72 76 62 79 85 
img3.bmp 62 77 78 79 79 64 70 60 62 63 63 52 67 90 79 73 63 68 70 61 63 68 86 70 56 67 69 49 62 
img4.bmp 39 15 31 6 18 31 39 5 26 19 19 23 9 41 31 28 27 40 28 15 4 20 9 33 16 26 4 20 21 
img5.bmp 30 10 30 12 22 23 31 26 19 23 3 15 10 36 35 45 23 42 31 18 4 20 18 29 16 25 32 24 38 
img6.bmp 19 21 31 9 5 20 27 6 18 31 7 13 19 44 11 31 24 33 27 20 4 21 13 18 15 20 30 29 30 
img7.bmp 48 34 44 50 44 53 43 47 41 43 27 30 34 61 41 54 37 44 63 37 27 39 51 38 35 43 39 32 58 
img8.bmp 46 59 63 90 66 56 50 44 35 41 46 46 59 70 46 95 63 65 55 43 40 53 61 29 53 62 51 53 54 
img9.bmp 81 75 83 81 81 89 78 52 77 97 81 71 72 78 81 85 79 73 88 77 81 81 73 82 82 83 83 91 85 
img10.bmp 50 49 50 51 46 39 47 28 22 54 36 42 35 61 39 75 50 52 60 37 36 53 47 46 47 58 55 34 50 
img11.bmp 81 87 78 84 89 73 89 68 56 72 91 76 67 87 70 85 79 81 83 79 85 87 85 79 81 81 95 80 51 
img12.bmp 43 55 69 85 81 34 57 49 44 47 41 52 52 65 37 50 46 66 66 40 45 60 58 51 43 62 71 43 53 
img13.bmp 60 29 62 23 56 22 57 32 33 51 37 45 52 60 43 56 37 51 42 29 27 50 55 32 37 24 40 37 38 
img14.bmp 57 42 50 82 50 35 54 49 37 52 23 40 40 66 59 52 48 42 56 38 24 59 57 43 29 39 22 78 71 
img15.bmp 82 63 78 74 83 75 83 71 74 80 53 69 60 84 62 88 77 81 69 69 92 80 57 75 80 79 73 90 62 
img16.bmp 78 88 69 86 84 80 79 62 69 66 65 87 75 82 81 92 76 80 63 63 86 95 67 68 89 84 85 59 67 
img17.bmp 43 35 37 28 36 48 37 32 37 25 12 32 28 45 34 38 23 43 31 37 13 19 28 21 19 32 61 30 28 
img18.bmp 81 61 62 77 65 66 62 62 57 63 45 50 56 85 50 74 55 68 79 50 78 71 63 50 60 59 75 88 50 
img19.bmp 83 82 88 77 85 67 69 71 80 73 68 80 80 89 78 93 78 82 80 62 96 93 78 77 81 81 77 86 66 
img20.bmp 78 74 83 78 70 76 83 75 95 72 76 85 75 79 61 82 74 82 72 66 80 72 65 81 78 81 73 78 77 
img21.bmp 79 60 70 82 79 69 79 63 42 76 70 52 57 74 79 62 94 68 74 51 75 66 63 64 62 79 49 88 69 
img22.bmp 75 89 84 85 81 92 75 60 73 76 67 86 75 80 61 71 97 81 85 82 84 80 53 81 83 82 91 88 68 
img23.bmp 56 69 67 40 71 45 58 58 48 59 51 42 32 75 56 68 49 49 64 57 39 61 56 33 47 57 43 0 63 
img24.bmp 78 79 89 94 77 87 85 63 88 92 68 80 81 82 79 73 86 80 80 65 77 82 67 79 64 83 69 89 75 
img25.bmp 66 62 79 82 84 89 73 57 67 71 70 63 74 78 61 84 96 84 74 85 90 80 78 69 82 82 77 86 77 
img26.bmp 80 77 88 82 96 75 69 80 51 66 72 69 67 79 79 93 64 82 80 59 58 57 85 75 77 81 65 90 51 
img27.bmp 39 36 50 16 64 28 43 47 42 50 7 26 49 61 42 56 45 60 50 22 27 38 36 34 39 42 43 30 50 
img28.bmp 32 19 32 20 22 18 44 7 8 26 18 35 16 51 35 33 24 38 39 12 17 31 10 22 31 40 17 21 23 
img29.bmp 30 19 39 13 24 25 40 15 24 34 17 26 19 41 41 35 27 48 35 34 6 41 26 22 26 40 18 38 28 
img30.bmp 30 15 30 9 21 18 28 18 18 24 19 15 18 37 18 19 18 27 22 4 4 24 34 22 10 19 8 19 23 
img31.bmp 61 60 71 84 76 63 58 54 51 59 46 47 78 71 63 93 77 67 81 41 63 72 61 62 68 65 59 89 54 
img32.bmp 22 17 24 24 19 17 26 15 30 31 8 13 5 24 30 25 25 37 28 20 3 20 15 26 17 25 17 21 29 
img33.bmp 41 24 43 20 37 21 49 26 39 36 32 39 44 55 31 50 42 37 41 40 23 43 42 32 28 33 35 40 50 
img34.bmp 70 85 82 89 81 87 73 63 71 80 63 79 73 77 64 80 74 78 75 71 79 96 46 55 78 79 78 86 83 
img35.bmp 79 89 84 93 86 88 83 89 78 100 70 93 87 92 63 82 78 80 83 64 88 81 64 75 75 82 93 87 89 
img36.bmp 79 75 83 81 73 86 78 76 58 78 75 71 64 78 81 92 84 76 76 76 62 81 83 74 85 82 93 92 64 
img37.bmp 62 54 69 80 73 61 57 47 61 62 44 40 68 61 58 79 69 64 60 42 53 49 64 57 59 70 44 71 75 
img38.bmp 28 11 36 17 32 16 37 10 20 21 2 22 9 50 20 49 23 44 45 13 5 23 17 22 28 47 15 45 28 
img39.bmp 69 42 70 78 80 49 78 59 59 58 54 78 42 71 60 74 56 64 64 50 53 66 58 46 58 59 64 79 63 
img40.bmp 30 9 30 15 18 13 36 13 19 21 14 10 39 23 20 38 23 38 31 30 7 26 7 12 18 19 29 19 32 
img41.bmp 41 45 65 71 60 42 55 35 48 41 35 37 49 63 39 58 42 61 55 40 23 41 44 34 45 59 42 57 75 
img42.bmp 40 50 43 45 40 23 56 40 46 40 33 28 42 67 52 60 44 48 28 33 40 38 43 35 36 39 44 45 51 
img43.bmp 26 18 30 23 34 12 33 4 20 18 20 33 12 22 20 38 23 26 33 18 3 19 27 13 16 43 58 23 32 
img44.bmp 21 32 44 23 23 23 18 16 24 23 1 5 14 22 31 36 24 26 25 17 2 20 19 12 16 19 14 20 30 
img45.bmp 18 22 24 15 22 24 20 20 28 21 3 18 7 39 38 32 18 38 34 34 5 20 27 26 24 38 21 38 27 
img46.bmp 18 18 51 11 17 11 36 3 8 22 12 11 22 41 39 29 37 35 37 15 8 21 10 21 36 18 11 17 13 
img47.bmp 37 26 55 62 42 27 43 26 43 45 28 35 42 60 48 38 45 51 56 34 21 45 43 42 33 56 31 22 50 
img48.bmp 20 10 23 18 18 13 45 17 10 25 11 14 13 23 39 28 15 42 24 31 1 21 24 21 16 14 9 38 10 
img49.bmp 62 65 79 80 82 63 74 58 51 89 49 79 58 82 59 94 79 76 67 62 80 78 65 75 80 79 52 88 75 
img50.bmp 81 76 71 74 89 95 78 86 83 65 64 85 97 79 87 84 85 80 85 82 80 92 65 80 87 88 97 84 48 
img51.bmp 82 57 77 85 81 69 66 60 62 66 74 57 65 66 59 88 78 68 61 51 61 71 77 52 59 79 72 73 77 
img52.bmp 44 25 50 60 71 25 56 29 34 23 17 49 39 63 41 68 42 55 38 40 5 34 48 28 39 36 38 38 30 
img53.bmp 23 19 31 31 28 18 46 34 37 23 10 27 19 61 39 45 19 70 51 37 22 29 33 24 24 39 22 37 24 
img54.bmp 80 84 90 82 81 83 81 63 68 65 68 82 81 84 61 85 97 80 90 82 97 93 67 69 88 83 92 87 84 
img55.bmp 45 25 71 34 60 34 58 45 41 27 38 36 35 57 34 48 32 56 62 32 35 38 44 37 27 38 26 28 52 
img56.bmp 60 37 63 92 60 39 57 49 42 48 46 48 47 67 55 43 56 50 47 43 27 55 40 48 57 59 33 42 48 
img57.bmp 71 79 90 87 94 80 82 80 72 74 71 85 87 81 62 85 84 80 79 85 77 90 49 53 80 82 93 87 64 
img58.bmp 80 79 78 87 83 89 73 79 71 87 72 73 70 95 82 89 79 81 75 93 85 90 62 74 80 79 91 91 84 
img59.bmp 82 79 71 74 89 89 85 70 86 65 47 74 57 79 58 84 77 81 80 67 73 86 83 73 76 80 67 89 60 
img60.bmp 27 26 50 23 33 16 45 40 10 26 9 25 13 51 30 32 18 32 29 3 24 34 37 29 25 21 24 40 25 
img61.bmp 77 61 74 63 83 47 62 61 72 78 82 71 63 73 63 70 76 53 65 49 85 59 47 76 80 72 63 60 38 
img62.bmp 84 85 76 82 81 92 66 69 70 77 61 85 66 92 71 70 78 82 81 78 82 77 60 77 83 82 72 83 64 
img63.bmp 75 65 78 73 77 66 53 60 44 54 79 52 51 61 60 70 73 60 60 42 31 38 50 35 48 59 63 64 65 
img64.bmp 77 87 89 81 80 88 78 67 76 92 83 77 81 92 81 95 77 81 83 81 89 83 78 75 89 74 82 89 84 
img65.bmp 34 6 18 4 6 5 17 4 4 17 10 4 3 19 19 19 7 25 21 2 2 19 7 7 9 16 2 20 13 
img66.bmp 83 62 70 81 92 73 79 63 57 63 61 79 66 81 76 87 78 84 78 65 80 86 72 67 85 86 68 87 51 
img67.bmp 88 92 89 84 81 71 83 77 79 94 65 78 74 96 82 97 66 82 81 85 98 83 68 78 90 80 87 85 84 
img68.bmp 59 50 71 60 83 58 67 56 41 70 60 58 61 74 57 78 59 47 65 64 51 87 62 38 65 74 49 76 51 
img69.bmp 80 90 78 86 86 88 84 61 85 83 76 62 72 84 83 85 67 81 91 64 79 80 74 78 85 87 73 91 72 
img70.bmp 83 62 60 72 86 89 88 67 81 80 61 77 75 78 88 90 85 82 82 78 62 81 66 80 89 82 36 79 84 
img71.bmp 16 31 19 17 19 12 36 24 26 25 1 9 5 31 34 32 17 28 29 8 13 20 18 15 12 20 19 19 12 
img72.bmp 82 85 71 83 87 78 83 73 78 95 62 72 64 80 79 95 78 81 77 70 78 78 78 76 85 88 84 90 65 
img73.bmp 84 79 88 79 82 91 73 72 65 83 69 80 59 80 81 88 67 83 81 76 92 82 64 64 76 82 95 91 74 
img74.bmp 39 38 47 59 48 34 46 26 40 25 13 31 28 62 43 59 46 51 60 40 26 39 27 26 39 37 38 49 53 
img75.bmp 89 67 71 80 90 87 76 72 93 92 88 83 66 80 91 92 87 83 91 69 94 88 81 69 86 79 74 88 73 
img76.bmp 84 66 78 84 79 74 73 70 68 75 73 74 64 90 72 92 77 79 65 79 79 89 87 78 88 80 69 91 80 
img77.bmp 80 65 80 82 84 91 78 66 62 99 85 82 71 81 93 91 85 82 79 65 81 89 65 76 88 82 77 87 86 
img78.bmp 62 44 61 82 76 47 59 52 44 68 40 50 55 66 55 70 55 52 61 46 45 67 58 38 65 62 71 85 53 
img79.bmp 24 17 31 30 19 14 32 14 13 21 1 19 9 34 31 27 24 34 25 7 3 20 3 19 17 18 5 20 27 
img80.bmp 74 44 84 82 80 55 71 61 79 63 51 51 73 74 44 67 62 68 81 82 43 63 63 51 61 79 67 58 69 
img81.bmp 59 39 54 81 45 42 52 42 54 57 27 44 33 59 60 59 49 60 67 42 40 51 50 36 43 48 40 60 55 
img82.bmp 81 63 90 87 87 87 79 73 87 79 71 88 82 78 88 86 78 82 77 86 79 87 85 72 81 79 96 97 75 
img83.bmp 43 35 64 47 81 40 50 21 46 43 29 38 41 59 43 79 39 46 61 48 41 40 42 28 33 57 30 75 34 
img84.bmp 81 75 79 89 98 83 74 75 82 73 49 67 61 78 79 82 76 84 73 71 37 85 78 73 90 79 84 87 76 
img85.bmp 79 32 78 81 91 61 63 59 71 89 69 74 75 65 77 72 94 79 82 66 48 84 67 58 85 79 70 77 65 
img86.bmp 18 19 11 13 22 18 19 11 14 22 13 28 5 17 24 39 18 26 15 1 2 16 2 25 12 18 10 14 30 
img87.bmp 81 83 78 77 81 76 79 64 70 79 77 80 66 81 78 83 77 82 71 66 79 78 69 62 72 81 67 84 77 
img88.bmp 38 12 31 26 40 12 31 6 16 22 3 16 20 33 14 38 23 38 31 26 3 19 22 24 20 39 14 24 12 
img89.bmp 77 78 89 85 88 89 84 88 71 57 76 73 81 85 64 78 78 82 87 62 59 80 74 68 51 77 75 89 86 
img90.bmp 82 66 75 80 82 81 83 64 77 70 51 64 75 74 81 85 59 82 81 73 70 78 89 79 76 76 37 87 62 
img91.bmp 42 29 59 51 46 41 51 38 33 36 11 45 47 64 39 58 42 40 60 39 60 43 36 38 35 44 39 40 44 
img92.bmp 57 56 52 83 62 57 57 49 43 64 45 42 47 61 47 63 79 72 71 37 70 58 60 41 46 62 36 52 68 
img93.bmp 81 82 76 89 78 78 65 52 81 83 47 83 68 81 63 71 84 81 80 78 81 81 79 68 82 84 71 84 53 
img94.bmp 72 68 76 83 62 58 59 64 66 61 39 55 58 67 57 65 64 69 65 46 28 63 38 34 59 61 56 44 87 
img95.bmp 84 80 80 86 86 79 78 82 82 87 53 82 80 89 82 81 95 82 90 65 85 71 79 79 82 82 82 92 86 
img96.bmp 60 50 62 72 75 30 52 59 58 46 60 63 66 67 55 67 78 65 66 36 66 62 43 37 65 64 68 59 77 
img97.bmp 80 80 78 92 85 90 83 80 81 95 82 82 68 87 82 71 95 82 68 82 91 87 85 76 91 79 76 86 89 
img98.bmp 44 39 52 58 34 41 58 46 38 59 41 52 56 68 59 58 51 61 68 39 25 41 52 40 46 58 25 44 64 
img99.bmp 49 33 63 45 39 37 56 54 51 47 35 39 40 66 48 45 44 63 40 35 51 60 48 29 36 42 69 40 38 
img100.bmp 79 75 79 68 85 80 70 65 69 89 55 73 60 75 77 91 87 84 80 73 73 83 62 77 83 78 69 89 86 
img101.bmp 73 71 75 85 90 73 84 61 91 75 90 90 91 87 82 90 96 80 75 86 96 71 58 55 80 80 68 84 69 
img102.bmp 92 83 80 88 82 82 73 59 70 84 69 79 88 87 82 95 95 81 89 82 81 97 86 81 88 82 62 90 82 
img103.bmp 81 84 72 85 81 71 78 75 88 93 70 83 66 82 67 69 83 81 84 81 79 79 83 78 76 85 82 94 63 
img104.bmp 37 40 75 21 44 41 58 40 31 28 13 38 38 66 58 66 39 55 58 42 21 50 57 30 36 40 47 31 36 
img105.bmp 81 65 88 86 86 86 76 63 97 77 77 71 68 94 62 86 94 82 80 82 91 83 45 69 89 81 64 87 64 
img106.bmp 40 39 67 52 53 38 58 38 42 40 30 41 35 63 35 55 39 49 58 30 24 40 50 37 30 56 21 44 51 
img107.bmp 19 13 42 10 10 17 32 3 11 20 3 9 16 17 20 37 7 32 20 9 4 11 3 17 11 19 2 18 14 
img108.bmp 59 37 45 73 40 48 50 41 38 45 47 42 50 65 46 72 54 53 53 38 36 61 62 37 59 42 72 60 47 
img109.bmp 54 51 71 81 64 26 51 44 50 51 39 28 57 72 58 66 58 62 51 39 41 45 44 56 44 60 58 40 50 
img110.bmp 88 68 90 91 88 74 88 63 90 84 89 82 83 80 78 87 89 83 84 68 84 89 85 75 89 82 88 92 82 
img111.bmp 75 84 79 87 77 77 64 54 81 66 72 64 80 73 53 69 63 67 75 49 68 72 86 43 73 77 75 71 85 
img112.bmp 83 74 83 88 91 86 88 80 83 93 85 73 91 80 79 93 78 81 74 91 43 98 63 78 92 90 79 90 83 
img113.bmp 74 73 79 84 81 91 67 69 79 88 70 69 80 85 81 84 71 82 70 84 78 84 80 42 68 79 68 89 72 
img114.bmp 82 84 75 81 86 86 67 65 80 98 78 72 73 87 63 75 83 81 77 62 90 65 78 80 78 72 86 89 63 
img115.bmp 29 8 31 17 19 20 35 19 26 22 13 23 9 30 33 40 26 37 31 10 7 39 23 30 23 39 35 26 30 
img116.bmp 45 26 50 50 41 32 49 42 40 39 37 40 46 60 43 66 48 72 61 25 44 61 49 34 40 58 34 59 68 
