img117.bmp 56 69 70 64 78 93 73 52 54 51 45 68 77 
img118.bmp 86 88 80 90 90 89 90 88 72 86 82 74 89 
img119.bmp 51 65 53 48 31 51 61 48 29 44 31 57 57 
img120.bmp 66 81 84 70 63 83 68 77 78 56 73 77 73 
img121.bmp 45 56 36 31 57 51 52 44 28 47 51 40 45 
img122.bmp 97 81 92 82 90 84 79 82 87 58 78 77 75 
img123.bmp 89 83 84 81 92 96 80 80 76 83 80 72 84 
img124.bmp 31 33 39 4 13 11 35 3 4 3 16 7 16 
img125.bmp 85 88 59 79 76 99 79 50 67 75 79 70 83 
img126.bmp 33 31 35 7 8 18 20 18 3 4 14 11 15 
img127.bmp 27 13 19 2 5 12 19 11 4 3 12 10 14 
img128.bmp 47 60 48 49 17 66 60 39 43 31 34 34 40 
img129.bmp 34 37 38 11 19 11 29 23 4 4 39 7 32 
img130.bmp 80 77 84 69 86 92 89 84 79 86 80 74 70 
img131.bmp 29 22 22 11 8 30 24 7 3 5 6 20 15 
img132.bmp 66 88 76 80 77 88 79 84 56 74 80 71 80 
img133.bmp 95 68 89 85 88 89 81 85 82 78 95 81 81 
img134.bmp 40 30 49 8 5 42 45 29 11 2 31 36 30 
img135.bmp 84 90 68 62 66 89 68 82 53 67 65 75 70 
img136.bmp 94 84 96 92 96 92 76 92 63 72 80 69 74 
img137.bmp 61 83 79 82 77 92 75 63 76 56 82 64 76 
img138.bmp 25 21 38 2 5 33 28 7 2 1 8 10 7 
img139.bmp 87 72 95 79 92 93 83 83 87 85 84 70 86 
img140.bmp 94 85 94 84 72 80 75 82 78 57 94 81 86 
img141.bmp 60 83 94 87 64 86 68 65 55 76 64 74 70 
img142.bmp 89 88 100 81 96 95 84 82 80 59 91 74 79 
img143.bmp 67 90 85 83 83 84 80 66 61 78 92 75 82 
img144.bmp 85 81 83 79 80 78 81 72 81 58 85 70 79 
img145.bmp 12 31 4 5 9 7 12 5 2 4 5 11 11 
img146.bmp 52 80 81 47 69 70 62 53 49 67 58 57 78 
img147.bmp 20 23 23 3 2 7 2 3 2 3 2 3 8 
img148.bmp 27 2 19 3 3 10 5 7 3 2 3 2 9 
img149.bmp 49 44 58 36 23 50 41 38 30 16 34 30 31 
img150.bmp 61 59 58 59 68 66 61 67 37 64 47 46 63 
img151.bmp 77 81 91 89 86 84 79 78 80 72 81 69 83 
img152.bmp 47 39 51 52 16 50 47 39 21 52 47 36 35 
img153.bmp 87 78 92 85 92 93 81 82 82 65 94 73 83 
img154.bmp 30 23 23 4 7 18 15 7 3 2 7 11 10 
img155.bmp 86 82 63 60 85 76 78 80 38 84 55 76 78 
img156.bmp 46 43 54 5 16 51 43 40 22 11 43 36 28 
img157.bmp 71 72 82 86 62 90 68 49 71 70 74 72 83 
img158.bmp 91 62 75 81 86 85 75 79 81 62 61 69 79 
img159.bmp 32 37 24 6 9 19 21 20 1 4 23 15 20 
img160.bmp 26 21 28 2 3 19 27 8 2 2 7 2 10 
img161.bmp 26 24 36 11 9 24 21 16 2 3 9 10 15 
img162.bmp 31 44 38 28 6 37 33 16 2 4 6 11 12 
img163.bmp 51 78 72 63 60 77 70 44 42 66 64 57 49 
img164.bmp 2 1 1 1 1 2 11 2 2 1 1 1 3 
img165.bmp 51 42 51 23 40 50 56 51 40 37 32 36 40 
img166.bmp 11 6 31 3 2 13 21 1 3 3 2 5 8 
img167.bmp 32 23 37 13 11 30 35 19 11 17 23 16 18 
img168.bmp 66 76 94 78 87 88 70 83 95 85 72 70 84 
img169.bmp 93 90 88 84 91 90 82 73 61 63 81 75 82 
img170.bmp 36 31 35 11 24 37 40 22 11 2 44 14 29 
img171.bmp 60 78 74 72 63 74 70 73 71 54 67 65 75 
img172.bmp 95 99 90 79 90 94 85 92 84 67 90 76 88 
img173.bmp 91 82 74 82 84 69 80 77 80 64 89 74 84 
img174.bmp 52 82 59 51 58 78 64 70 36 49 51 78 59 
img175.bmp 38 34 23 23 9 49 49 24 3 2 31 22 30 
img176.bmp 28 21 38 4 9 32 29 9 2 2 11 8 27 
img177.bmp 34 16 30 2 7 22 14 5 2 4 23 7 14 
img178.bmp 52 74 95 63 70 90 72 60 60 46 63 53 74 
img179.bmp 94 72 88 64 84 89 80 81 72 53 88 75 80 
img180.bmp 31 20 27 4 9 12 10 10 2 3 23 10 10 
img181.bmp 33 42 44 14 11 35 41 30 3 11 23 30 26 
img182.bmp 94 81 97 85 92 84 81 79 97 73 80 70 83 
img183.bmp 36 21 37 6 16 22 28 6 2 3 23 10 17 
img184.bmp 23 19 33 4 2 6 18 12 3 1 12 5 12 
img185.bmp 69 81 51 41 62 51 71 58 68 50 57 60 58 
img186.bmp 12 24 29 1 8 10 24 17 3 2 5 14 13 
img187.bmp 5 23 39 3 8 20 15 20 3 2 7 5 13 
img188.bmp 35 36 36 11 18 30 30 11 3 5 19 15 17 
img189.bmp 71 80 84 62 90 81 73 74 81 84 90 62 77 
img190.bmp 92 63 92 79 96 95 82 86 79 91 82 73 83 
img191.bmp 94 92 89 81 88 90 81 91 81 49 79 72 81 
img192.bmp 24 28 20 8 14 17 35 15 2 2 5 11 18 
img193.bmp 92 84 75 69 92 85 71 72 48 63 65 70 77 
img194.bmp 49 90 62 49 63 67 58 39 49 48 56 62 48 
img195.bmp 23 51 36 7 4 21 19 2 4 4 6 7 11 
img196.bmp 34 24 8 5 5 30 31 13 2 2 9 6 29 
img197.bmp 10 19 12 4 2 11 21 11 4 3 7 6 12 
img198.bmp 70 66 50 82 60 91 70 60 23 62 39 58 79 
img199.bmp 31 29 3 8 8 25 22 9 3 2 11 7 14 
img200.bmp 38 35 40 26 16 42 23 39 36 50 37 34 35 
img201.bmp 28 44 25 18 3 24 22 8 3 4 20 7 17 
img202.bmp 89 72 84 85 93 91 83 82 84 83 79 77 78 
img203.bmp 60 76 62 62 56 82 63 49 44 47 51 66 75 
img204.bmp 32 26 38 14 9 49 27 11 3 10 12 3 14 
img205.bmp 31 33 36 2 8 29 22 15 3 4 4 18 15 
img206.bmp 72 84 69 78 89 89 70 64 80 75 84 69 74 
img207.bmp 36 44 51 19 37 50 33 33 9 17 38 18 30 
img208.bmp 90 75 97 81 95 87 80 83 80 73 86 80 75 
img209.bmp 32 17 52 2 16 21 40 27 10 5 29 9 30 
img210.bmp 7 22 3 4 6 10 26 9 2 3 11 2 11 
img211.bmp 95 86 99 76 86 98 80 84 96 56 94 80 82 
img212.bmp 82 83 67 73 82 90 85 73 48 84 83 79 82 
img213.bmp 26 42 40 9 15 50 29 5 3 7 17 13 13 
img214.bmp 70 66 78 82 42 70 77 64 57 55 71 72 71 
img215.bmp 29 20 27 3 8 10 0 2 2 2 8 18 9 
img216.bmp 67 68 72 55 79 90 79 64 78 56 63 66 74 
img217.bmp 11 16 6 2 1 6 15 2 4 2 2 2 7 
img218.bmp 31 25 39 10 6 30 25 4 3 2 8 4 6 
img219.bmp 91 81 84 73 83 89 74 81 81 78 85 75 79 
img220.bmp 28 22 30 9 7 17 22 2 2 2 19 2 8 
img221.bmp 25 22 32 3 14 25 32 3 2 3 10 5 16 
img222.bmp 96 83 68 81 89 87 76 69 44 78 91 71 78 
img223.bmp 12 31 10 2 7 11 29 2 3 2 2 3 11 
img224.bmp 71 81 80 93 82 91 76 80 76 75 90 77 79 
img225.bmp 52 44 54 57 40 81 61 46 27 59 57 42 57 
img226.bmp 66 82 71 71 70 91 70 68 67 43 64 63 77 
img227.bmp 93 73 84 91 90 92 79 78 80 80 81 79 84 
img228.bmp 70 65 86 72 66 89 68 70 76 87 75 78 76 
img229.bmp 37 37 39 22 18 51 29 31 22 11 27 17 35 
img230.bmp 25 21 31 5 3 15 28 4 3 73 9 12 19 
img231.bmp 53 85 87 79 73 91 69 83 67 86 71 57 79 
img232.bmp 27 37 36 6 11 25 36 2 2 2 16 7 14 
img233.bmp 35 23 46 9 13 23 33 17 13 2 16 10 25 
