img1.bmp 40 22 52 60 48 41 33 50 25 38 57 47 44 47 46 40 46 40 44 28 
img2.bmp 64 39 59 73 54 65 56 81 35 36 56 73 67 61 70 46 59 60 61 63 
img3.bmp 79 60 76 85 79 81 74 79 92 69 70 71 89 71 69 63 73 72 90 82 
img4.bmp 16 5 29 9 14 23 18 35 13 15 11 27 17 32 9 21 23 19 1 0 
img5.bmp 89 70 78 89 85 70 94 79 75 74 72 77 75 79 84 61 88 84 88 90 
img6.bmp 92 73 84 99 67 81 68 79 98 73 66 74 90 75 84 71 84 77 87 77 
img7.bmp 76 80 78 87 76 59 64 81 87 47 59 80 60 67 83 80 76 72 91 83 
img8.bmp 88 57 84 85 65 57 77 80 56 62 66 68 59 58 84 50 75 67 83 80 
img9.bmp 39 9 42 37 40 39 26 51 29 34 37 58 38 37 44 23 42 44 32 19 
img10.bmp 84 69 73 87 82 87 81 76 83 66 71 81 90 82 82 61 69 61 90 83 
img11.bmp 32 24 37 46 41 32 30 52 56 31 30 52 34 43 23 39 39 31 45 23 
img12.bmp 85 65 71 93 74 87 68 91 72 75 44 81 69 75 83 76 78 77 90 97 
img13.bmp 78 63 74 87 81 85 79 79 82 69 68 77 68 78 94 79 85 80 92 92 
img14.bmp 84 74 83 93 83 89 82 80 78 75 80 70 73 74 88 67 82 82 89 81 
img15.bmp 68 20 42 48 54 49 26 73 40 32 39 58 50 64 91 52 54 62 51 42 
img16.bmp 43 26 42 33 40 42 28 35 39 32 36 26 56 60 36 30 58 40 27 31 
img17.bmp 84 80 78 89 66 68 81 82 93 83 74 78 55 83 82 81 80 89 91 80 
img18.bmp 37 21 56 59 41 43 19 52 43 21 37 62 37 47 53 24 36 29 58 17 
img19.bmp 88 82 76 85 83 68 81 81 60 70 58 82 68 88 86 62 83 80 84 90 
img20.bmp 82 80 79 93 78 86 85 80 93 69 65 79 87 83 89 81 86 84 96 94 
img21.bmp 38 28 55 80 41 60 47 59 41 35 42 55 70 59 53 39 47 41 41 39 
img22.bmp 78 87 76 84 85 95 79 95 93 80 64 91 83 90 84 78 72 82 92 92 
img23.bmp 7 3 32 72 16 36 24 31 10 21 11 33 24 35 19 33 24 28 17 19 
img24.bmp 79 44 73 88 64 83 77 63 94 66 39 76 79 85 71 59 71 64 80 64 
img25.bmp 49 51 46 88 61 59 67 57 43 45 52 63 51 62 67 46 57 61 58 43 
img26.bmp 85 83 82 87 83 100 86 81 82 70 81 78 84 85 88 61 71 81 92 94 
img27.bmp 45 42 46 38 51 53 40 57 27 30 47 65 59 65 66 41 60 58 46 33 
img28.bmp 89 64 82 88 62 92 84 83 81 70 69 78 82 76 82 62 87 86 89 89 
img29.bmp 26 18 41 19 22 41 33 38 20 28 25 42 29 57 24 33 37 30 35 18 
img30.bmp 87 62 83 87 61 69 85 84 74 55 72 75 71 87 85 66 83 83 83 89 
img31.bmp 93 80 78 94 77 85 83 80 84 78 59 81 86 80 83 63 84 80 91 82 
img32.bmp 50 55 56 70 60 57 35 65 47 57 61 65 50 69 65 33 61 42 69 75 
img33.bmp 46 36 42 38 62 55 34 52 38 41 30 52 48 58 43 36 44 47 58 39 
img34.bmp 93 67 73 93 78 70 81 76 82 76 67 67 84 86 82 69 82 78 90 82 
img35.bmp 31 7 30 33 22 41 19 32 18 19 55 37 16 34 37 27 29 22 13 8 
img36.bmp 23 12 36 7 31 18 24 36 22 15 12 39 33 42 25 32 27 29 10 6 
img37.bmp 32 10 39 44 35 36 25 51 18 28 28 60 26 40 22 29 42 25 24 37 
img38.bmp 71 69 62 74 61 73 66 79 54 50 58 68 73 72 77 48 66 70 80 75 
img39.bmp 46 21 40 19 54 42 24 51 20 38 40 38 39 45 39 39 39 38 24 12 
img40.bmp 90 79 77 86 83 69 89 75 75 77 36 77 79 75 84 62 70 69 80 80 
img41.bmp 34 19 25 18 41 37 33 31 15 33 39 24 16 40 51 22 24 45 22 6 
img42.bmp 79 61 71 87 78 83 81 82 79 72 73 82 80 86 84 81 77 78 91 95 
img43.bmp 46 38 50 96 40 40 41 60 51 41 54 64 48 60 58 53 59 38 50 23 
img44.bmp 43 27 50 60 50 43 47 50 39 37 53 70 54 60 67 40 45 50 50 38 
img45.bmp 62 53 56 44 55 60 51 73 40 49 40 73 49 60 64 41 70 55 51 43 
img46.bmp 22 15 29 19 21 34 20 42 19 17 12 48 22 37 15 28 21 36 1 4 
img47.bmp 37 19 52 52 43 34 40 55 23 31 34 60 47 51 59 27 56 44 63 24 
img48.bmp 96 88 84 86 75 65 73 83 73 62 55 78 76 85 88 61 68 62 88 63 
img49.bmp 51 46 67 72 60 63 49 60 80 49 47 62 60 65 73 47 62 50 48 44 
img50.bmp 32 23 48 38 40 39 27 51 19 32 33 46 29 63 37 30 47 38 33 20 
img51.bmp 51 43 57 59 62 63 61 81 41 62 28 63 69 63 58 51 57 64 61 63 
img52.bmp 80 70 72 92 77 88 62 75 49 69 58 66 72 83 86 61 79 80 88 83 
img53.bmp 78 76 78 87 77 63 76 78 75 54 25 79 82 67 84 57 76 68 91 79 
img54.bmp 83 68 83 82 78 92 75 79 81 65 89 74 84 87 81 77 75 71 87 82 
img55.bmp 52 51 63 67 48 53 51 59 43 48 48 67 62 68 66 47 63 60 56 39 
img56.bmp 57 53 74 78 58 58 53 79 59 50 62 65 46 57 66 50 61 60 61 79 
img57.bmp 91 59 76 90 83 80 88 79 88 71 68 78 49 81 84 70 82 78 90 89 
img58.bmp 81 61 65 95 73 74 63 77 73 60 59 77 48 83 90 54 72 75 80 77 
img59.bmp 64 41 66 58 50 62 32 64 44 42 52 65 61 59 58 41 59 43 56 62 
img60.bmp 43 40 47 25 43 36 40 51 34 41 34 45 50 59 65 52 46 36 51 38 
img61.bmp 79 44 69 94 63 69 51 79 62 60 68 78 68 78 87 53 67 78 76 64 
img62.bmp 37 28 38 10 17 40 31 59 19 20 5 31 38 41 23 36 29 34 18 11 
img63.bmp 50 40 59 92 60 58 51 59 43 51 46 51 53 70 45 39 65 60 71 57 
img64.bmp 95 75 83 83 79 89 85 80 91 80 73 80 86 81 83 61 71 69 90 62 
img65.bmp 34 19 39 34 32 57 26 47 26 35 32 51 41 45 38 32 45 40 52 8 
img66.bmp 90 78 76 92 81 78 82 78 84 80 63 74 73 74 83 77 76 81 91 84 
img67.bmp 65 42 48 80 61 61 51 61 54 64 36 66 74 75 78 61 62 63 67 65 
img68.bmp 67 71 77 78 66 81 64 80 80 77 59 74 71 68 82 63 84 80 87 82 
img69.bmp 35 33 57 37 30 37 38 57 19 32 42 43 44 61 59 32 56 42 40 39 
img70.bmp 85 53 79 85 83 83 80 80 97 84 66 82 66 89 81 74 82 77 90 79 
img71.bmp 68 45 62 84 59 51 77 78 41 65 32 69 39 66 68 53 62 79 74 74 
img72.bmp 80 64 77 79 74 85 78 90 97 61 80 79 67 62 81 67 73 82 88 82 
img73.bmp 59 39 42 49 58 51 43 63 62 41 22 60 56 66 70 49 57 47 47 43 
img74.bmp 87 73 73 83 57 77 59 83 58 71 63 70 67 84 81 63 68 68 87 72 
img75.bmp 39 37 35 40 51 38 26 57 35 41 70 55 36 58 32 40 45 19 49 24 
img76.bmp 91 72 83 91 84 89 93 75 90 82 60 81 59 83 93 68 82 89 92 81 
img77.bmp 18 15 42 35 43 40 43 54 25 43 37 45 52 57 58 39 54 22 37 16 
img78.bmp 19 15 40 18 17 21 30 21 19 12 18 36 27 37 20 36 31 19 8 11 
img79.bmp 6 1 21 5 1 4 4 15 2 13 3 6 4 21 5 5 18 9 1 2 
img80.bmp 28 5 44 37 27 36 30 41 24 23 34 38 17 40 15 31 32 27 37 7 
img81.bmp 43 34 50 34 58 39 39 52 26 46 54 61 48 62 56 39 59 42 64 22 
img82.bmp 83 76 81 88 84 50 70 81 81 50 64 80 93 85 92 61 73 89 89 75 
img83.bmp 58 55 58 71 60 60 47 78 57 49 47 44 70 62 69 42 69 63 67 78 
img84.bmp 44 21 50 42 55 46 52 60 27 36 44 64 49 51 50 40 42 42 44 24 
img85.bmp 31 4 26 24 25 22 16 33 24 24 36 20 32 39 19 32 39 19 23 9 
img86.bmp 32 29 43 49 51 40 43 51 29 41 42 56 46 56 58 30 48 47 51 23 
img87.bmp 84 74 85 92 73 66 81 79 68 77 67 77 62 62 82 63 76 70 92 81 
img88.bmp 72 68 76 84 81 81 79 78 80 74 36 61 67 80 82 47 74 78 92 82 
img89.bmp 54 34 46 54 59 61 64 68 76 50 58 63 55 65 74 42 56 51 58 55 
img90.bmp 37 41 47 75 52 41 44 61 27 42 37 60 50 44 57 42 57 40 60 37 
img91.bmp 15 1 29 26 8 40 24 31 5 20 29 42 23 35 18 14 35 16 23 6 
img92.bmp 25 20 47 43 48 39 30 51 18 47 32 38 68 42 38 35 40 27 42 20 
img93.bmp 24 14 44 15 41 44 27 51 12 32 24 31 22 33 30 33 37 29 32 20 
img94.bmp 63 68 70 79 62 58 79 80 78 45 72 67 67 68 70 62 70 61 89 76 
img95.bmp 92 77 75 95 86 81 79 69 66 80 48 83 71 85 85 69 79 67 89 78 
img96.bmp 95 75 83 88 78 85 80 77 99 64 60 69 83 79 86 72 77 61 87 82 
img97.bmp 93 73 78 88 77 81 76 80 77 80 65 80 85 79 92 61 76 69 89 75 
img98.bmp 75 62 73 94 60 67 83 79 45 59 51 67 53 61 84 47 74 61 63 0 
img99.bmp 43 26 47 59 40 46 45 59 31 40 39 46 41 60 31 40 48 39 49 20 
img100.bmp 6 9 17 27 3 19 13 30 3 13 8 12 4 22 15 12 17 4 5 3 
img101.bmp 93 68 84 85 82 68 61 77 66 64 52 81 75 78 82 76 65 70 91 89 
img102.bmp 59 55 63 78 55 61 59 78 44 74 28 71 67 73 84 60 60 66 69 77 
img103.bmp 56 58 49 59 61 45 43 57 57 56 52 68 63 63 67 51 58 51 51 0 
img104.bmp 30 18 41 27 30 27 26 42 24 35 25 39 23 47 29 40 33 36 21 18 
img105.bmp 55 37 61 49 42 62 54 67 60 42 35 63 62 61 41 40 61 61 66 53 
img106.bmp 80 65 66 86 76 52 82 78 72 72 26 80 83 78 83 62 64 80 90 0 
img107.bmp 59 61 65 61 60 64 66 69 42 56 61 64 66 76 85 50 61 61 72 62 
img108.bmp 31 27 39 23 42 40 46 51 25 39 55 64 53 56 38 32 30 26 48 25 
img109.bmp 85 71 73 92 81 86 81 91 80 74 88 73 70 80 87 71 89 91 90 86 
img110.bmp 58 41 55 90 42 42 40 60 29 46 61 63 62 68 66 42 47 45 52 36 
img111.bmp 45 34 57 60 54 56 44 59 44 46 35 56 49 62 57 30 45 22 55 19 
img112.bmp 76 43 78 86 83 89 66 78 82 73 85 77 92 84 88 62 83 75 92 93 
img113.bmp 79 70 84 86 66 87 83 79 80 68 65 78 67 81 91 80 81 71 87 83 
img114.bmp 77 79 60 86 64 70 75 82 78 77 70 81 85 77 77 60 62 70 84 83 
img115.bmp 77 76 68 82 77 61 59 79 92 72 61 79 70 82 79 62 84 78 87 0 
img116.bmp 93 69 75 78 80 57 77 77 78 49 71 65 76 79 84 53 71 68 91 63 
